{
 "cells": [
  {
   "cell_type": "code",
   "execution_count": 15,
   "metadata": {},
   "outputs": [],
   "source": [
    "import numpy as np\n",
    "import plotly.graph_objects as go\n",
    "def save_figure_to_file(fig, path, file_name):\n",
    "    fig.write_image(path + '/' + file_name + '.svg')"
   ]
  },
  {
   "cell_type": "code",
   "execution_count": 16,
   "metadata": {},
   "outputs": [
    {
     "data": {
      "application/vnd.plotly.v1+json": {
       "config": {
        "plotlyServerURL": "https://plot.ly"
       },
       "data": [
        {
         "contours": {
          "x": {
           "color": "white",
           "end": 1,
           "show": true,
           "size": 0.1,
           "start": -1
          },
          "z": {
           "end": 1,
           "show": true,
           "size": 0.1,
           "start": -1
          }
         },
         "type": "surface",
         "x": [
          -1,
          -0.935483870967742,
          -0.8709677419354839,
          -0.8064516129032258,
          -0.7419354838709677,
          -0.6774193548387097,
          -0.6129032258064516,
          -0.5483870967741935,
          -0.4838709677419355,
          -0.4193548387096775,
          -0.3548387096774194,
          -0.29032258064516125,
          -0.22580645161290325,
          -0.16129032258064524,
          -0.09677419354838712,
          -0.032258064516129004,
          0.032258064516129004,
          0.09677419354838701,
          0.16129032258064502,
          0.22580645161290325,
          0.29032258064516125,
          0.35483870967741926,
          0.4193548387096775,
          0.4838709677419355,
          0.5483870967741935,
          0.6129032258064515,
          0.6774193548387095,
          0.7419354838709677,
          0.8064516129032258,
          0.8709677419354838,
          0.935483870967742,
          1
         ],
         "y": [
          -1,
          -0.935483870967742,
          -0.8709677419354839,
          -0.8064516129032258,
          -0.7419354838709677,
          -0.6774193548387097,
          -0.6129032258064516,
          -0.5483870967741935,
          -0.4838709677419355,
          -0.4193548387096775,
          -0.3548387096774194,
          -0.29032258064516125,
          -0.22580645161290325,
          -0.16129032258064524,
          -0.09677419354838712,
          -0.032258064516129004,
          0.032258064516129004,
          0.09677419354838701,
          0.16129032258064502,
          0.22580645161290325,
          0.29032258064516125,
          0.35483870967741926,
          0.4193548387096775,
          0.4838709677419355,
          0.5483870967741935,
          0.6129032258064515,
          0.6774193548387095,
          0.7419354838709677,
          0.8064516129032258,
          0.8709677419354838,
          0.935483870967742,
          1
         ],
         "z": [
          [
           0,
           -0.12486992715920908,
           -0.2414151925078044,
           -0.34963579604578576,
           -0.4495317377731529,
           -0.5411030176899063,
           -0.6243496357960459,
           -0.6992715920915713,
           -0.7658688865764828,
           -0.8241415192507804,
           -0.874089490114464,
           -0.9157127991675338,
           -0.9490114464099896,
           -0.9739854318418314,
           -0.9906347554630593,
           -0.9989594172736732,
           -0.9989594172736732,
           -0.9906347554630593,
           -0.9739854318418315,
           -0.9490114464099896,
           -0.9157127991675338,
           -0.8740894901144641,
           -0.8241415192507804,
           -0.7658688865764828,
           -0.6992715920915713,
           -0.6243496357960459,
           -0.5411030176899065,
           -0.4495317377731529,
           -0.34963579604578576,
           -0.24141519250780452,
           -0.12486992715920908,
           0
          ],
          [
           0.12486992715920908,
           0,
           -0.11654526534859533,
           -0.22476586888657668,
           -0.32466181061394384,
           -0.4162330905306972,
           -0.4994797086368367,
           -0.5744016649323622,
           -0.6409989594172737,
           -0.6992715920915713,
           -0.7492195629552549,
           -0.7908428720083247,
           -0.8241415192507805,
           -0.8491155046826223,
           -0.8657648283038503,
           -0.8740894901144641,
           -0.8740894901144641,
           -0.8657648283038503,
           -0.8491155046826224,
           -0.8241415192507805,
           -0.7908428720083247,
           -0.749219562955255,
           -0.6992715920915713,
           -0.6409989594172737,
           -0.5744016649323622,
           -0.4994797086368368,
           -0.41623309053069746,
           -0.32466181061394384,
           -0.22476586888657668,
           -0.11654526534859544,
           0,
           0.12486992715920908
          ],
          [
           0.2414151925078044,
           0.11654526534859533,
           0,
           -0.10822060353798135,
           -0.2081165452653485,
           -0.29968782518210185,
           -0.3829344432882414,
           -0.4578563995837669,
           -0.5244536940686784,
           -0.582726326742976,
           -0.6326742976066597,
           -0.6742976066597295,
           -0.7075962539021852,
           -0.732570239334027,
           -0.7492195629552549,
           -0.7575442247658688,
           -0.7575442247658688,
           -0.7492195629552549,
           -0.7325702393340271,
           -0.7075962539021852,
           -0.6742976066597295,
           -0.6326742976066597,
           -0.582726326742976,
           -0.5244536940686784,
           -0.4578563995837669,
           -0.3829344432882415,
           -0.29968782518210213,
           -0.2081165452653485,
           -0.10822060353798135,
           -1.1102230246251565e-16,
           0.11654526534859533,
           0.2414151925078044
          ],
          [
           0.34963579604578576,
           0.22476586888657668,
           0.10822060353798135,
           0,
           -0.09989594172736715,
           -0.1914672216441205,
           -0.27471383975026004,
           -0.34963579604578554,
           -0.416233090530697,
           -0.4745057232049946,
           -0.5244536940686784,
           -0.5660770031217481,
           -0.5993756503642038,
           -0.6243496357960456,
           -0.6409989594172736,
           -0.6493236212278874,
           -0.6493236212278874,
           -0.6409989594172736,
           -0.6243496357960457,
           -0.5993756503642038,
           -0.5660770031217481,
           -0.5244536940686784,
           -0.4745057232049946,
           -0.416233090530697,
           -0.34963579604578554,
           -0.27471383975026015,
           -0.19146722164412078,
           -0.09989594172736715,
           0,
           0.10822060353798124,
           0.22476586888657668,
           0.34963579604578576
          ],
          [
           0.4495317377731529,
           0.32466181061394384,
           0.2081165452653485,
           0.09989594172736715,
           0,
           -0.09157127991675335,
           -0.17481789802289288,
           -0.24973985431841839,
           -0.31633714880332986,
           -0.37460978147762747,
           -0.42455775234131116,
           -0.4661810613943809,
           -0.49947970863683666,
           -0.5244536940686785,
           -0.5411030176899064,
           -0.5494276795005203,
           -0.5494276795005203,
           -0.5411030176899064,
           -0.5244536940686786,
           -0.49947970863683666,
           -0.4661810613943809,
           -0.4245577523413112,
           -0.37460978147762747,
           -0.31633714880332986,
           -0.24973985431841839,
           -0.174817898022893,
           -0.09157127991675362,
           0,
           0.09989594172736715,
           0.2081165452653484,
           0.32466181061394384,
           0.4495317377731529
          ],
          [
           0.5411030176899063,
           0.4162330905306972,
           0.29968782518210185,
           0.1914672216441205,
           0.09157127991675335,
           0,
           -0.08324661810613954,
           -0.15816857440166504,
           -0.22476586888657654,
           -0.2830385015608741,
           -0.3329864724245578,
           -0.3746097814776276,
           -0.4079084287200833,
           -0.43288241415192513,
           -0.44953173777315303,
           -0.457856399583767,
           -0.457856399583767,
           -0.4495317377731531,
           -0.4328824141519252,
           -0.4079084287200833,
           -0.3746097814776276,
           -0.3329864724245579,
           -0.2830385015608741,
           -0.22476586888657654,
           -0.15816857440166504,
           -0.08324661810613965,
           -2.7755575615628914e-16,
           0.09157127991675335,
           0.1914672216441205,
           0.29968782518210174,
           0.4162330905306972,
           0.5411030176899063
          ],
          [
           0.6243496357960459,
           0.4994797086368367,
           0.3829344432882414,
           0.27471383975026004,
           0.17481789802289288,
           0.08324661810613954,
           0,
           -0.0749219562955255,
           -0.141519250780437,
           -0.1997918834547346,
           -0.24973985431841828,
           -0.29136316337148804,
           -0.3246618106139438,
           -0.3496357960457856,
           -0.3662851196670135,
           -0.37460978147762747,
           -0.37460978147762747,
           -0.36628511966701355,
           -0.34963579604578565,
           -0.3246618106139438,
           -0.29136316337148804,
           -0.24973985431841836,
           -0.1997918834547346,
           -0.141519250780437,
           -0.0749219562955255,
           -1.1102230246251565e-16,
           0.08324661810613926,
           0.17481789802289288,
           0.27471383975026004,
           0.3829344432882413,
           0.4994797086368367,
           0.6243496357960459
          ],
          [
           0.6992715920915713,
           0.5744016649323622,
           0.4578563995837669,
           0.34963579604578554,
           0.24973985431841839,
           0.15816857440166504,
           0.0749219562955255,
           0,
           -0.0665972944849115,
           -0.12486992715920908,
           -0.17481789802289277,
           -0.21644120707596254,
           -0.24973985431841828,
           -0.2747138397502601,
           -0.291363163371488,
           -0.29968782518210196,
           -0.29968782518210196,
           -0.29136316337148804,
           -0.27471383975026015,
           -0.24973985431841828,
           -0.21644120707596254,
           -0.17481789802289285,
           -0.12486992715920908,
           -0.0665972944849115,
           0,
           0.0749219562955254,
           0.15816857440166476,
           0.24973985431841839,
           0.34963579604578554,
           0.4578563995837668,
           0.5744016649323622,
           0.6992715920915713
          ],
          [
           0.7658688865764828,
           0.6409989594172737,
           0.5244536940686784,
           0.416233090530697,
           0.31633714880332986,
           0.22476586888657654,
           0.141519250780437,
           0.0665972944849115,
           0,
           -0.05827263267429758,
           -0.10822060353798127,
           -0.14984391259105104,
           -0.18314255983350677,
           -0.2081165452653486,
           -0.22476586888657651,
           -0.23309053069719046,
           -0.23309053069719046,
           -0.22476586888657651,
           -0.20811654526534867,
           -0.18314255983350677,
           -0.14984391259105104,
           -0.10822060353798135,
           -0.05827263267429758,
           0,
           0.0665972944849115,
           0.1415192507804369,
           0.22476586888657626,
           0.31633714880332986,
           0.416233090530697,
           0.5244536940686783,
           0.6409989594172737,
           0.7658688865764828
          ],
          [
           0.8241415192507804,
           0.6992715920915713,
           0.582726326742976,
           0.4745057232049946,
           0.37460978147762747,
           0.2830385015608741,
           0.1997918834547346,
           0.12486992715920908,
           0.05827263267429758,
           0,
           -0.04994797086368369,
           -0.09157127991675346,
           -0.12486992715920919,
           -0.149843912591051,
           -0.16649323621227893,
           -0.17481789802289288,
           -0.17481789802289288,
           -0.16649323621227893,
           -0.1498439125910511,
           -0.12486992715920919,
           -0.09157127991675346,
           -0.04994797086368377,
           0,
           0.05827263267429758,
           0.12486992715920908,
           0.19979188345473448,
           0.28303850156087385,
           0.37460978147762747,
           0.4745057232049946,
           0.5827263267429759,
           0.6992715920915713,
           0.8241415192507804
          ],
          [
           0.874089490114464,
           0.7492195629552549,
           0.6326742976066597,
           0.5244536940686784,
           0.42455775234131116,
           0.3329864724245578,
           0.24973985431841828,
           0.17481789802289277,
           0.10822060353798127,
           0.04994797086368369,
           0,
           -0.04162330905306977,
           -0.0749219562955255,
           -0.09989594172736732,
           -0.11654526534859523,
           -0.12486992715920918,
           -0.12486992715920918,
           -0.11654526534859526,
           -0.0998959417273674,
           -0.0749219562955255,
           -0.04162330905306977,
           -8.326672684688674e-17,
           0.04994797086368369,
           0.10822060353798127,
           0.17481789802289277,
           0.24973985431841816,
           0.33298647242455753,
           0.42455775234131116,
           0.5244536940686784,
           0.6326742976066595,
           0.7492195629552549,
           0.874089490114464
          ],
          [
           0.9157127991675338,
           0.7908428720083247,
           0.6742976066597295,
           0.5660770031217481,
           0.4661810613943809,
           0.3746097814776276,
           0.29136316337148804,
           0.21644120707596254,
           0.14984391259105104,
           0.09157127991675346,
           0.04162330905306977,
           0,
           -0.033298647242455744,
           -0.05827263267429755,
           -0.07492195629552546,
           -0.08324661810613941,
           -0.08324661810613941,
           -0.07492195629552549,
           -0.05827263267429763,
           -0.033298647242455744,
           0,
           0.041623309053069685,
           0.09157127991675346,
           0.14984391259105104,
           0.21644120707596254,
           0.29136316337148793,
           0.3746097814776273,
           0.4661810613943809,
           0.5660770031217481,
           0.6742976066597293,
           0.7908428720083247,
           0.9157127991675338
          ],
          [
           0.9490114464099896,
           0.8241415192507805,
           0.7075962539021852,
           0.5993756503642038,
           0.49947970863683666,
           0.4079084287200833,
           0.3246618106139438,
           0.24973985431841828,
           0.18314255983350677,
           0.12486992715920919,
           0.0749219562955255,
           0.033298647242455744,
           0,
           -0.024973985431841813,
           -0.041623309053069726,
           -0.049947970863683674,
           -0.049947970863683674,
           -0.04162330905306974,
           -0.024973985431841886,
           0,
           0.033298647242455744,
           0.07492195629552542,
           0.12486992715920919,
           0.18314255983350677,
           0.24973985431841828,
           0.32466181061394367,
           0.40790842872008304,
           0.49947970863683666,
           0.5993756503642038,
           0.7075962539021851,
           0.8241415192507805,
           0.9490114464099896
          ],
          [
           0.9739854318418314,
           0.8491155046826223,
           0.732570239334027,
           0.6243496357960456,
           0.5244536940686785,
           0.43288241415192513,
           0.3496357960457856,
           0.2747138397502601,
           0.2081165452653486,
           0.149843912591051,
           0.09989594172736732,
           0.05827263267429755,
           0.024973985431841813,
           0,
           -0.01664932362122791,
           -0.02497398543184186,
           -0.02497398543184186,
           -0.01664932362122793,
           -7.28583859910259e-17,
           0.024973985431841813,
           0.05827263267429755,
           0.09989594172736724,
           0.149843912591051,
           0.2081165452653486,
           0.2747138397502601,
           0.3496357960457855,
           0.43288241415192485,
           0.5244536940686785,
           0.6243496357960456,
           0.7325702393340269,
           0.8491155046826223,
           0.9739854318418314
          ],
          [
           0.9906347554630593,
           0.8657648283038503,
           0.7492195629552549,
           0.6409989594172736,
           0.5411030176899064,
           0.44953173777315303,
           0.3662851196670135,
           0.291363163371488,
           0.22476586888657651,
           0.16649323621227893,
           0.11654526534859523,
           0.07492195629552546,
           0.041623309053069726,
           0.01664932362122791,
           0,
           -0.00832466181061395,
           -0.00832466181061395,
           -2.0816681711721685e-17,
           0.016649323621227837,
           0.041623309053069726,
           0.07492195629552546,
           0.11654526534859515,
           0.16649323621227893,
           0.22476586888657651,
           0.291363163371488,
           0.3662851196670134,
           0.44953173777315275,
           0.5411030176899064,
           0.6409989594172736,
           0.7492195629552548,
           0.8657648283038503,
           0.9906347554630593
          ],
          [
           0.9989594172736732,
           0.8740894901144641,
           0.7575442247658688,
           0.6493236212278874,
           0.5494276795005203,
           0.457856399583767,
           0.37460978147762747,
           0.29968782518210196,
           0.23309053069719046,
           0.17481789802289288,
           0.12486992715920918,
           0.08324661810613941,
           0.049947970863683674,
           0.02497398543184186,
           0.00832466181061395,
           0,
           0,
           0.008324661810613929,
           0.02497398543184179,
           0.049947970863683674,
           0.08324661810613941,
           0.1248699271592091,
           0.17481789802289288,
           0.23309053069719046,
           0.29968782518210196,
           0.37460978147762736,
           0.4578563995837667,
           0.5494276795005203,
           0.6493236212278874,
           0.7575442247658687,
           0.8740894901144641,
           0.9989594172736732
          ],
          [
           0.9989594172736732,
           0.8740894901144641,
           0.7575442247658688,
           0.6493236212278874,
           0.5494276795005203,
           0.457856399583767,
           0.37460978147762747,
           0.29968782518210196,
           0.23309053069719046,
           0.17481789802289288,
           0.12486992715920918,
           0.08324661810613941,
           0.049947970863683674,
           0.02497398543184186,
           0.00832466181061395,
           0,
           0,
           0.008324661810613929,
           0.02497398543184179,
           0.049947970863683674,
           0.08324661810613941,
           0.1248699271592091,
           0.17481789802289288,
           0.23309053069719046,
           0.29968782518210196,
           0.37460978147762736,
           0.4578563995837667,
           0.5494276795005203,
           0.6493236212278874,
           0.7575442247658687,
           0.8740894901144641,
           0.9989594172736732
          ],
          [
           0.9906347554630593,
           0.8657648283038503,
           0.7492195629552549,
           0.6409989594172736,
           0.5411030176899064,
           0.4495317377731531,
           0.36628511966701355,
           0.29136316337148804,
           0.22476586888657651,
           0.16649323621227893,
           0.11654526534859526,
           0.07492195629552549,
           0.04162330905306974,
           0.01664932362122793,
           2.0816681711721685e-17,
           -0.008324661810613929,
           -0.008324661810613929,
           0,
           0.016649323621227858,
           0.04162330905306974,
           0.07492195629552549,
           0.11654526534859518,
           0.16649323621227893,
           0.22476586888657651,
           0.29136316337148804,
           0.36628511966701344,
           0.4495317377731528,
           0.5411030176899064,
           0.6409989594172736,
           0.7492195629552548,
           0.8657648283038503,
           0.9906347554630593
          ],
          [
           0.9739854318418315,
           0.8491155046826224,
           0.7325702393340271,
           0.6243496357960457,
           0.5244536940686786,
           0.4328824141519252,
           0.34963579604578565,
           0.27471383975026015,
           0.20811654526534867,
           0.1498439125910511,
           0.0998959417273674,
           0.05827263267429763,
           0.024973985431841886,
           7.28583859910259e-17,
           -0.016649323621227837,
           -0.02497398543184179,
           -0.02497398543184179,
           -0.016649323621227858,
           0,
           0.024973985431841886,
           0.05827263267429763,
           0.09989594172736732,
           0.1498439125910511,
           0.20811654526534867,
           0.27471383975026015,
           0.34963579604578554,
           0.4328824141519249,
           0.5244536940686786,
           0.6243496357960457,
           0.732570239334027,
           0.8491155046826224,
           0.9739854318418315
          ],
          [
           0.9490114464099896,
           0.8241415192507805,
           0.7075962539021852,
           0.5993756503642038,
           0.49947970863683666,
           0.4079084287200833,
           0.3246618106139438,
           0.24973985431841828,
           0.18314255983350677,
           0.12486992715920919,
           0.0749219562955255,
           0.033298647242455744,
           0,
           -0.024973985431841813,
           -0.041623309053069726,
           -0.049947970863683674,
           -0.049947970863683674,
           -0.04162330905306974,
           -0.024973985431841886,
           0,
           0.033298647242455744,
           0.07492195629552542,
           0.12486992715920919,
           0.18314255983350677,
           0.24973985431841828,
           0.32466181061394367,
           0.40790842872008304,
           0.49947970863683666,
           0.5993756503642038,
           0.7075962539021851,
           0.8241415192507805,
           0.9490114464099896
          ],
          [
           0.9157127991675338,
           0.7908428720083247,
           0.6742976066597295,
           0.5660770031217481,
           0.4661810613943809,
           0.3746097814776276,
           0.29136316337148804,
           0.21644120707596254,
           0.14984391259105104,
           0.09157127991675346,
           0.04162330905306977,
           0,
           -0.033298647242455744,
           -0.05827263267429755,
           -0.07492195629552546,
           -0.08324661810613941,
           -0.08324661810613941,
           -0.07492195629552549,
           -0.05827263267429763,
           -0.033298647242455744,
           0,
           0.041623309053069685,
           0.09157127991675346,
           0.14984391259105104,
           0.21644120707596254,
           0.29136316337148793,
           0.3746097814776273,
           0.4661810613943809,
           0.5660770031217481,
           0.6742976066597293,
           0.7908428720083247,
           0.9157127991675338
          ],
          [
           0.8740894901144641,
           0.749219562955255,
           0.6326742976066597,
           0.5244536940686784,
           0.4245577523413112,
           0.3329864724245579,
           0.24973985431841836,
           0.17481789802289285,
           0.10822060353798135,
           0.04994797086368377,
           8.326672684688674e-17,
           -0.041623309053069685,
           -0.07492195629552542,
           -0.09989594172736724,
           -0.11654526534859515,
           -0.1248699271592091,
           -0.1248699271592091,
           -0.11654526534859518,
           -0.09989594172736732,
           -0.07492195629552542,
           -0.041623309053069685,
           0,
           0.04994797086368377,
           0.10822060353798135,
           0.17481789802289285,
           0.24973985431841825,
           0.3329864724245576,
           0.4245577523413112,
           0.5244536940686784,
           0.6326742976066596,
           0.749219562955255,
           0.8740894901144641
          ],
          [
           0.8241415192507804,
           0.6992715920915713,
           0.582726326742976,
           0.4745057232049946,
           0.37460978147762747,
           0.2830385015608741,
           0.1997918834547346,
           0.12486992715920908,
           0.05827263267429758,
           0,
           -0.04994797086368369,
           -0.09157127991675346,
           -0.12486992715920919,
           -0.149843912591051,
           -0.16649323621227893,
           -0.17481789802289288,
           -0.17481789802289288,
           -0.16649323621227893,
           -0.1498439125910511,
           -0.12486992715920919,
           -0.09157127991675346,
           -0.04994797086368377,
           0,
           0.05827263267429758,
           0.12486992715920908,
           0.19979188345473448,
           0.28303850156087385,
           0.37460978147762747,
           0.4745057232049946,
           0.5827263267429759,
           0.6992715920915713,
           0.8241415192507804
          ],
          [
           0.7658688865764828,
           0.6409989594172737,
           0.5244536940686784,
           0.416233090530697,
           0.31633714880332986,
           0.22476586888657654,
           0.141519250780437,
           0.0665972944849115,
           0,
           -0.05827263267429758,
           -0.10822060353798127,
           -0.14984391259105104,
           -0.18314255983350677,
           -0.2081165452653486,
           -0.22476586888657651,
           -0.23309053069719046,
           -0.23309053069719046,
           -0.22476586888657651,
           -0.20811654526534867,
           -0.18314255983350677,
           -0.14984391259105104,
           -0.10822060353798135,
           -0.05827263267429758,
           0,
           0.0665972944849115,
           0.1415192507804369,
           0.22476586888657626,
           0.31633714880332986,
           0.416233090530697,
           0.5244536940686783,
           0.6409989594172737,
           0.7658688865764828
          ],
          [
           0.6992715920915713,
           0.5744016649323622,
           0.4578563995837669,
           0.34963579604578554,
           0.24973985431841839,
           0.15816857440166504,
           0.0749219562955255,
           0,
           -0.0665972944849115,
           -0.12486992715920908,
           -0.17481789802289277,
           -0.21644120707596254,
           -0.24973985431841828,
           -0.2747138397502601,
           -0.291363163371488,
           -0.29968782518210196,
           -0.29968782518210196,
           -0.29136316337148804,
           -0.27471383975026015,
           -0.24973985431841828,
           -0.21644120707596254,
           -0.17481789802289285,
           -0.12486992715920908,
           -0.0665972944849115,
           0,
           0.0749219562955254,
           0.15816857440166476,
           0.24973985431841839,
           0.34963579604578554,
           0.4578563995837668,
           0.5744016649323622,
           0.6992715920915713
          ],
          [
           0.6243496357960459,
           0.4994797086368368,
           0.3829344432882415,
           0.27471383975026015,
           0.174817898022893,
           0.08324661810613965,
           1.1102230246251565e-16,
           -0.0749219562955254,
           -0.1415192507804369,
           -0.19979188345473448,
           -0.24973985431841816,
           -0.29136316337148793,
           -0.32466181061394367,
           -0.3496357960457855,
           -0.3662851196670134,
           -0.37460978147762736,
           -0.37460978147762736,
           -0.36628511966701344,
           -0.34963579604578554,
           -0.32466181061394367,
           -0.29136316337148793,
           -0.24973985431841825,
           -0.19979188345473448,
           -0.1415192507804369,
           -0.0749219562955254,
           0,
           0.08324661810613937,
           0.174817898022893,
           0.27471383975026015,
           0.3829344432882414,
           0.4994797086368368,
           0.6243496357960459
          ],
          [
           0.5411030176899065,
           0.41623309053069746,
           0.29968782518210213,
           0.19146722164412078,
           0.09157127991675362,
           2.7755575615628914e-16,
           -0.08324661810613926,
           -0.15816857440166476,
           -0.22476586888657626,
           -0.28303850156087385,
           -0.33298647242455753,
           -0.3746097814776273,
           -0.40790842872008304,
           -0.43288241415192485,
           -0.44953173777315275,
           -0.4578563995837667,
           -0.4578563995837667,
           -0.4495317377731528,
           -0.4328824141519249,
           -0.40790842872008304,
           -0.3746097814776273,
           -0.3329864724245576,
           -0.28303850156087385,
           -0.22476586888657626,
           -0.15816857440166476,
           -0.08324661810613937,
           0,
           0.09157127991675362,
           0.19146722164412078,
           0.299687825182102,
           0.41623309053069746,
           0.5411030176899065
          ],
          [
           0.4495317377731529,
           0.32466181061394384,
           0.2081165452653485,
           0.09989594172736715,
           0,
           -0.09157127991675335,
           -0.17481789802289288,
           -0.24973985431841839,
           -0.31633714880332986,
           -0.37460978147762747,
           -0.42455775234131116,
           -0.4661810613943809,
           -0.49947970863683666,
           -0.5244536940686785,
           -0.5411030176899064,
           -0.5494276795005203,
           -0.5494276795005203,
           -0.5411030176899064,
           -0.5244536940686786,
           -0.49947970863683666,
           -0.4661810613943809,
           -0.4245577523413112,
           -0.37460978147762747,
           -0.31633714880332986,
           -0.24973985431841839,
           -0.174817898022893,
           -0.09157127991675362,
           0,
           0.09989594172736715,
           0.2081165452653484,
           0.32466181061394384,
           0.4495317377731529
          ],
          [
           0.34963579604578576,
           0.22476586888657668,
           0.10822060353798135,
           0,
           -0.09989594172736715,
           -0.1914672216441205,
           -0.27471383975026004,
           -0.34963579604578554,
           -0.416233090530697,
           -0.4745057232049946,
           -0.5244536940686784,
           -0.5660770031217481,
           -0.5993756503642038,
           -0.6243496357960456,
           -0.6409989594172736,
           -0.6493236212278874,
           -0.6493236212278874,
           -0.6409989594172736,
           -0.6243496357960457,
           -0.5993756503642038,
           -0.5660770031217481,
           -0.5244536940686784,
           -0.4745057232049946,
           -0.416233090530697,
           -0.34963579604578554,
           -0.27471383975026015,
           -0.19146722164412078,
           -0.09989594172736715,
           0,
           0.10822060353798124,
           0.22476586888657668,
           0.34963579604578576
          ],
          [
           0.24141519250780452,
           0.11654526534859544,
           1.1102230246251565e-16,
           -0.10822060353798124,
           -0.2081165452653484,
           -0.29968782518210174,
           -0.3829344432882413,
           -0.4578563995837668,
           -0.5244536940686783,
           -0.5827263267429759,
           -0.6326742976066595,
           -0.6742976066597293,
           -0.7075962539021851,
           -0.7325702393340269,
           -0.7492195629552548,
           -0.7575442247658687,
           -0.7575442247658687,
           -0.7492195629552548,
           -0.732570239334027,
           -0.7075962539021851,
           -0.6742976066597293,
           -0.6326742976066596,
           -0.5827263267429759,
           -0.5244536940686783,
           -0.4578563995837668,
           -0.3829344432882414,
           -0.299687825182102,
           -0.2081165452653484,
           -0.10822060353798124,
           0,
           0.11654526534859544,
           0.24141519250780452
          ],
          [
           0.12486992715920908,
           0,
           -0.11654526534859533,
           -0.22476586888657668,
           -0.32466181061394384,
           -0.4162330905306972,
           -0.4994797086368367,
           -0.5744016649323622,
           -0.6409989594172737,
           -0.6992715920915713,
           -0.7492195629552549,
           -0.7908428720083247,
           -0.8241415192507805,
           -0.8491155046826223,
           -0.8657648283038503,
           -0.8740894901144641,
           -0.8740894901144641,
           -0.8657648283038503,
           -0.8491155046826224,
           -0.8241415192507805,
           -0.7908428720083247,
           -0.749219562955255,
           -0.6992715920915713,
           -0.6409989594172737,
           -0.5744016649323622,
           -0.4994797086368368,
           -0.41623309053069746,
           -0.32466181061394384,
           -0.22476586888657668,
           -0.11654526534859544,
           0,
           0.12486992715920908
          ],
          [
           0,
           -0.12486992715920908,
           -0.2414151925078044,
           -0.34963579604578576,
           -0.4495317377731529,
           -0.5411030176899063,
           -0.6243496357960459,
           -0.6992715920915713,
           -0.7658688865764828,
           -0.8241415192507804,
           -0.874089490114464,
           -0.9157127991675338,
           -0.9490114464099896,
           -0.9739854318418314,
           -0.9906347554630593,
           -0.9989594172736732,
           -0.9989594172736732,
           -0.9906347554630593,
           -0.9739854318418315,
           -0.9490114464099896,
           -0.9157127991675338,
           -0.8740894901144641,
           -0.8241415192507804,
           -0.7658688865764828,
           -0.6992715920915713,
           -0.6243496357960459,
           -0.5411030176899065,
           -0.4495317377731529,
           -0.34963579604578576,
           -0.24141519250780452,
           -0.12486992715920908,
           0
          ]
         ]
        }
       ],
       "layout": {
        "autosize": false,
        "height": 500,
        "margin": {
         "b": 65,
         "l": 65,
         "r": 50,
         "t": 90
        },
        "template": {
         "data": {
          "bar": [
           {
            "error_x": {
             "color": "#2a3f5f"
            },
            "error_y": {
             "color": "#2a3f5f"
            },
            "marker": {
             "line": {
              "color": "#E5ECF6",
              "width": 0.5
             }
            },
            "type": "bar"
           }
          ],
          "barpolar": [
           {
            "marker": {
             "line": {
              "color": "#E5ECF6",
              "width": 0.5
             }
            },
            "type": "barpolar"
           }
          ],
          "carpet": [
           {
            "aaxis": {
             "endlinecolor": "#2a3f5f",
             "gridcolor": "white",
             "linecolor": "white",
             "minorgridcolor": "white",
             "startlinecolor": "#2a3f5f"
            },
            "baxis": {
             "endlinecolor": "#2a3f5f",
             "gridcolor": "white",
             "linecolor": "white",
             "minorgridcolor": "white",
             "startlinecolor": "#2a3f5f"
            },
            "type": "carpet"
           }
          ],
          "choropleth": [
           {
            "colorbar": {
             "outlinewidth": 0,
             "ticks": ""
            },
            "type": "choropleth"
           }
          ],
          "contour": [
           {
            "colorbar": {
             "outlinewidth": 0,
             "ticks": ""
            },
            "colorscale": [
             [
              0,
              "#0d0887"
             ],
             [
              0.1111111111111111,
              "#46039f"
             ],
             [
              0.2222222222222222,
              "#7201a8"
             ],
             [
              0.3333333333333333,
              "#9c179e"
             ],
             [
              0.4444444444444444,
              "#bd3786"
             ],
             [
              0.5555555555555556,
              "#d8576b"
             ],
             [
              0.6666666666666666,
              "#ed7953"
             ],
             [
              0.7777777777777778,
              "#fb9f3a"
             ],
             [
              0.8888888888888888,
              "#fdca26"
             ],
             [
              1,
              "#f0f921"
             ]
            ],
            "type": "contour"
           }
          ],
          "contourcarpet": [
           {
            "colorbar": {
             "outlinewidth": 0,
             "ticks": ""
            },
            "type": "contourcarpet"
           }
          ],
          "heatmap": [
           {
            "colorbar": {
             "outlinewidth": 0,
             "ticks": ""
            },
            "colorscale": [
             [
              0,
              "#0d0887"
             ],
             [
              0.1111111111111111,
              "#46039f"
             ],
             [
              0.2222222222222222,
              "#7201a8"
             ],
             [
              0.3333333333333333,
              "#9c179e"
             ],
             [
              0.4444444444444444,
              "#bd3786"
             ],
             [
              0.5555555555555556,
              "#d8576b"
             ],
             [
              0.6666666666666666,
              "#ed7953"
             ],
             [
              0.7777777777777778,
              "#fb9f3a"
             ],
             [
              0.8888888888888888,
              "#fdca26"
             ],
             [
              1,
              "#f0f921"
             ]
            ],
            "type": "heatmap"
           }
          ],
          "heatmapgl": [
           {
            "colorbar": {
             "outlinewidth": 0,
             "ticks": ""
            },
            "colorscale": [
             [
              0,
              "#0d0887"
             ],
             [
              0.1111111111111111,
              "#46039f"
             ],
             [
              0.2222222222222222,
              "#7201a8"
             ],
             [
              0.3333333333333333,
              "#9c179e"
             ],
             [
